index,task,score
88,intent_pred,1.0
