index,task,score
37,Linestring_Polygon_within,0.0
