index,task,score
17,Linestring_Linestring_crosses-overlaps_with,0.0
