index,task,score
44,meets,0.0
