index,task,score
18,Polygon_Point_contains,0.0
