index,task,score
48,Point_Point_equals,0.0
