index,task,score
18,Point_Polygon_touches,0.0
