index,task,score
29,precedes,0.0
