index,task,score
1,track_bearing_online,3.970850158547243
